{
    "rmse": 13.993249546250574,
    "mae": 10.360412732235135,
    "r2": 0.7378996657394647
}