{
    "rmse": 13.943898051041762,
    "mae": 10.306537784724814,
    "r2": 0.7395844229790662
}